#Simulation_time (ns)  #z_ATT532 (Ang) #z_ATT647N(Ang)
    0.000  -12.256  -48.902 
    0.400  -12.457  -48.245 
    0.800  -12.105  -49.456 
    1.200  -12.341  -49.164 
    1.600  -12.698  -49.203 
    2.000  -12.571  -48.740 
    2.400  -12.639  -49.006 
    2.800  -12.535  -49.312 
    3.200  -12.496  -49.528 
    3.600  -12.385  -48.641 
    4.000  -15.428  -43.805 
    4.400  -15.705  -45.191 
    4.800  -15.337  -41.576 
    5.200  -14.506  -35.885 
    5.600  -12.089  -31.498 
    6.000  -13.566  -30.293 
    6.400  -14.128  -28.578 
    6.800  -11.274  -30.690 
    7.200  -10.829  -33.995 
    7.600   -8.781  -32.238 
    8.000   -7.448  -34.646 
    8.400   -4.749  -37.115 
    8.800   -3.194  -33.705 
    9.200   -4.349  -33.595 
    9.600   -5.465  -34.471 
   10.000   -3.855  -32.833 
   10.400   -8.523  -35.094 
   10.800   -4.609  -38.980 
   11.200   -3.068  -40.828 
   11.600   -1.628  -37.885 
   12.000   -1.315  -42.934 
   12.400   -1.925  -39.677 
   12.800   -4.298  -38.766 
   13.200   -4.020  -36.843 
   13.600   -3.883  -31.560 
   14.000   -4.113  -32.347 
   14.400   -3.943  -30.859 
   14.800   -4.247  -31.844 
   15.200   -3.902  -30.855 
   15.600   -3.166  -32.542 
   16.000   -3.600  -33.978 
   16.400   -3.988  -27.160 
   16.800   -3.278  -26.541 
   17.200   -3.566  -26.693 
   17.600   -3.937  -26.076 
   18.000   -4.345  -29.024 
   18.400   -4.148  -29.631 
   18.800   -4.171  -33.235 
   19.200   -3.718  -35.143 
   19.600   -3.625  -30.879 
   20.000   -4.231  -30.430 
   20.400   -3.720  -30.619 
   20.800   -4.831  -32.674 
   21.200   -3.974  -34.731 
   21.600   -4.156  -31.021 
   22.000   -4.006  -31.824 
   22.400   -3.998  -25.699 
   22.800   -3.340  -25.544 
   23.200   -3.888  -26.012 
   23.600   -3.427  -26.314 
   24.000   -3.909  -26.336 
   24.400   -2.644  -25.973 
   24.800   -4.846  -25.373 
   25.200   -6.291  -27.211 
   25.600   -5.890  -25.010 
   26.000   -6.279  -28.887 
   26.400   -5.239  -29.321 
   26.800   -5.648  -33.713 
   27.200   -4.576  -23.367 
   27.600   -6.194  -23.112 
   28.000   -4.698  -29.223 
   28.400   -3.491  -32.301 
   28.800   -5.679  -29.564 
   29.200   -6.086  -24.883 
   29.600   -4.930  -25.417 
   30.000   -4.799  -22.225 
   30.400   -5.370  -21.731 
   30.800   -5.516  -20.411 
   31.200   -8.169  -16.278 
   31.600   -7.577  -14.494 
   32.000   -6.958  -17.909 
   32.400   -7.908  -19.756 
   32.800   -9.091  -26.490 
   33.200   -5.651  -25.683 
   33.600   -5.408  -24.041 
   34.000   -6.172  -27.050 
   34.400   -5.757  -20.905 
   34.800   -5.890  -23.880 
   35.200   -7.486  -26.153 
   35.600   -5.043  -28.016 
   36.000   -5.045  -26.266 
   36.400   -5.253  -28.035 
   36.800   -3.014  -23.469 
   37.200   -4.962  -35.160 
   37.600   -4.078  -33.756 
   38.000   -5.183  -33.657 
   38.400   -5.784  -29.285 
   38.800   -5.359  -35.523 
   39.200   -5.225  -38.172 
   39.600   -4.868  -33.535 
   40.000   -4.556  -35.604 
   40.400   -6.502  -35.546 
   40.800   -6.801  -44.306 
   41.200   -5.578  -40.803 
   41.600   -0.436  -43.931 
   42.000   -2.818  -42.951 
   42.400  -14.488  -45.426 
   42.800  -11.083  -41.588 
   43.200   -9.324  -38.957 
   43.600   -2.827  -38.558 
   44.000   -3.397  -41.017 
   44.400   -7.234  -42.645 
   44.800   -8.373  -43.283 
   45.200   -6.038  -43.677 
   45.600  -10.986  -41.351 
   46.000  -25.892  -43.128 
   46.400  -15.428  -45.094 
   46.800  -19.184  -40.704 
   47.200  -22.694  -40.176 
   47.600  -12.639  -38.922 
   48.000  -11.853  -35.429 
   48.400   -7.302  -35.103 
   48.800   -8.276  -35.125 
   49.200   -3.483  -35.022 
   49.600   -7.090  -38.074 
   50.000   -8.146  -34.314 
   50.400   -8.428  -31.722 
   50.800  -11.578  -29.602 
   51.200   -4.401  -29.297 
   51.600   -6.053  -34.112 
   52.000  -11.701  -34.070 
   52.400   -5.472  -32.178 
   52.800  -13.215  -31.430 
   53.200   -2.242  -29.261 
   53.600   -4.118  -31.516 
   54.000   -1.913  -29.975 
   54.400   -3.298  -23.712 
   54.800   -3.003  -22.043 
   55.200    4.810  -28.238 
   55.600    1.763  -27.639 
   56.000    2.255  -29.034 
   56.400   -5.028  -32.137 
   56.800  -11.716  -29.858 
   57.200   -6.382  -34.769 
   57.600   -8.629  -31.706 
   58.000    1.697  -36.683 
   58.400    5.642  -36.578 
   58.800    3.592  -39.172 
   59.200   -3.951  -40.706 
   59.600   -2.568  -41.873 
   60.000    3.157  -43.826 
   60.400   -0.478  -42.580 
   60.800    0.568  -40.189 
   61.200   -3.137  -38.698 
   61.600   -9.928  -37.926 
   62.000   -4.237  -39.079 
   62.400   -9.464  -35.207 
   62.800   -8.674  -34.323 
   63.200   -6.529  -34.482 
   63.600  -10.813  -37.559 
   64.000  -19.177  -36.275 
   64.400  -14.633  -29.858 
   64.800  -14.271  -30.693 
   65.200  -13.356  -35.127 
   65.600  -16.124  -36.675 
   66.000  -17.973  -36.964 
   66.400  -14.622  -42.826 
   66.800  -18.464  -42.578 
   67.200  -13.887  -52.755 
   67.600  -11.924  -53.581 
   68.000  -10.933  -57.542 
   68.400  -10.136  -52.982 
   68.800  -11.199  -47.104 
   69.200  -16.800  -41.893 
   69.600  -15.503  -42.689 
   70.000  -17.919  -48.220 
   70.400  -21.039  -39.387 
   70.800  -17.107  -39.723 
   71.200  -17.008  -39.816 
   71.600  -15.643  -42.228 
   72.000  -14.164  -43.503 
   72.400  -12.651  -52.108 
   72.800  -13.625  -55.317 
   73.200  -14.230  -57.306 
   73.600  -15.849  -51.383 
   74.000  -16.357  -47.314 
   74.400  -15.459  -48.764 
   74.800  -13.531  -39.542 
   75.200  -15.574  -31.198 
   75.600  -15.793  -35.658 
   76.000  -10.199  -39.064 
   76.400  -13.089  -37.274 
   76.800  -14.147  -38.308 
   77.200  -12.568  -31.340 
   77.600   -8.274  -43.780 
   78.000  -11.855  -46.580 
   78.400  -13.536  -38.302 
   78.800  -18.499  -38.639 
   79.200  -15.297  -42.564 
   79.600   -8.742  -39.389 
   80.000  -11.378  -33.753 
   80.400   -5.307  -31.799 
   80.800   -6.660  -33.891 
   81.200   -8.268  -33.988 
   81.600   -8.335  -34.071 
   82.000   -9.672  -37.612 
   82.400   -9.459  -34.559 
   82.800   -6.346  -36.875 
   83.200   -6.463  -33.147 
   83.600   -8.806  -39.584 
   84.000   -6.702  -48.982 
   84.400   -7.197  -46.472 
   84.800   -7.907  -47.838 
   85.200  -10.999  -42.971 
   85.600  -10.145  -45.062 
   86.000   -8.172  -39.335 
   86.400   -9.174  -36.426 
   86.800   -9.086  -40.682 
   87.200  -10.412  -38.927 
   87.600  -10.220  -40.127 
   88.000   -9.188  -40.634 
   88.400  -13.031  -44.326 
   88.800  -11.702  -40.808 
   89.200  -14.618  -47.260 
   89.600  -10.966  -45.934 
   90.000  -15.976  -43.794 
   90.400  -11.204  -39.108 
   90.800  -11.831  -40.737 
   91.200  -10.146  -39.518 
   91.600  -12.359  -39.639 
   92.000   -9.482  -37.571 
   92.400  -13.658  -44.727 
   92.800  -13.379  -41.402 
   93.200  -13.766  -42.535 
   93.600  -14.641  -43.394 
   94.000  -16.677  -41.320 
   94.400  -18.044  -34.242 
   94.800  -16.135  -41.515 
   95.200  -20.304  -41.393 
   95.600  -19.326  -57.337 
   96.000  -20.489  -47.753 
   96.400  -18.994  -44.642 
   96.800  -16.655  -37.256 
   97.200  -16.338  -29.323 
   97.600  -18.131  -34.493 
   98.000  -14.111  -30.986 
   98.400  -13.837  -35.458 
   98.800  -14.912  -44.113 
   99.200  -13.101  -47.225 
   99.600  -15.319  -39.568 
  100.000  -12.322  -47.456 
  100.400  -10.522  -45.842 
  100.800  -12.697  -41.318 
  101.200  -11.259  -38.058 
  101.600   -4.653  -27.869 
  102.000   -4.981  -24.817 
  102.400   -9.485  -27.487 
  102.800   -9.012  -23.604 
  103.200   -9.025  -20.604 
  103.600  -13.276  -21.205 
  104.000  -15.925  -30.708 
  104.400  -18.025  -29.329 
  104.800  -14.053  -37.278 
  105.200  -11.678  -36.839 
  105.600  -12.524  -40.173 
  106.000  -14.248  -34.689 
  106.400  -12.834  -30.113 
  106.800  -11.374  -34.100 
  107.200  -12.159  -29.037 
  107.600  -12.815  -27.892 
  108.000  -14.180  -27.657 
  108.400  -13.841  -25.984 
  108.800  -13.598  -21.832 
  109.200  -18.515  -33.865 
  109.600  -15.501  -41.688 
  110.000  -17.962  -41.935 
  110.400  -17.407  -46.497 
  110.800  -17.965  -49.939 
  111.200  -20.691  -52.915 
  111.600  -20.383  -55.310 
  112.000  -18.142  -54.817 
  112.400  -18.380  -53.779 
  112.800  -18.819  -50.587 
  113.200  -16.063  -49.885 
  113.600  -17.821  -50.381 
  114.000  -16.302  -46.470 
  114.400  -21.296  -34.610 
  114.800  -18.998  -40.157 
  115.200  -20.046  -43.253 
  115.600  -21.848  -40.330 
  116.000  -16.596  -37.994 
  116.400  -15.195  -42.199 
  116.800  -15.024  -43.885 
  117.200  -14.756  -38.960 
  117.600  -14.724  -42.784 
  118.000  -16.138  -33.368 
  118.400  -19.945  -28.695 
  118.800  -20.439  -24.760 
  119.200  -23.216  -22.749 
  119.600  -23.589  -23.288 
  120.000  -23.307  -16.490 
  120.400  -21.985  -15.485 
  120.800  -19.884  -16.428 
  121.200  -19.637  -13.945 
  121.600  -22.829  -15.749 
  122.000  -21.467  -17.016 
  122.400  -20.155  -16.030 
  122.800  -21.081  -20.318 
  123.200  -21.071  -17.856 
  123.600  -21.490  -14.932 
  124.000  -22.092  -13.898 
  124.400  -20.073  -12.672 
  124.800  -20.879  -14.283 
  125.200  -20.878  -21.060 
  125.600  -21.976  -26.087 
  126.000  -18.577  -25.171 
  126.400  -19.251  -26.777 
  126.800  -15.483  -29.439 
  127.200  -18.117  -30.091 
  127.600  -17.671  -36.488 
  128.000  -16.083  -29.952 
  128.400  -16.125  -28.281 
  128.800  -16.999  -25.676 
  129.200  -18.557  -26.453 
  129.600  -15.326  -28.562 
  130.000  -14.815  -25.979 
  130.400  -17.501  -30.374 
  130.800  -14.785  -35.019 
  131.200  -15.919  -30.872 
  131.600  -15.268  -28.808 
  132.000  -18.337  -36.788 
  132.400  -15.559  -36.323 
  132.800  -14.649  -34.162 
  133.200  -17.705  -36.515 
  133.600  -12.587  -34.035 
  134.000  -13.826  -26.513 
  134.400  -13.544  -22.954 
  134.800  -16.748  -17.460 
  135.200  -17.391  -10.333 
  135.600  -10.486  -17.917 
  136.000  -11.668  -18.605 
  136.400  -13.116  -18.740 
  136.800  -11.771  -17.661 
  137.200  -11.998  -17.080 
  137.600   -7.842  -17.060 
  138.000   -8.543  -15.420 
  138.400  -13.248  -20.784 
  138.800  -12.102  -13.345 
  139.200  -10.027  -10.910 
  139.600  -17.914   -6.598 
  140.000  -15.161   -4.746 
  140.400  -12.435   -8.852 
  140.800  -20.517  -12.967 
  141.200  -15.834  -15.705 
  141.600  -14.538  -25.862 
  142.000  -13.030  -24.779 
  142.400  -11.321  -26.649 
  142.800  -10.289  -33.237 
  143.200   -8.404  -21.949 
  143.600  -10.788  -24.002 
  144.000   -9.129  -16.487 
  144.400   -9.835  -22.783 
  144.800   -9.386  -25.803 
  145.200   -5.922  -17.661 
  145.600  -18.278  -24.206 
  146.000  -14.362  -19.078 
  146.400  -16.110  -20.970 
  146.800  -22.704  -21.002 
  147.200  -19.807  -23.394 
  147.600  -15.696  -17.285 
  148.000  -13.212  -17.810 
  148.400  -12.433  -17.128 
  148.800  -11.704   -9.152 
  149.200  -12.217   -9.832 
  149.600  -12.547  -10.587 
  150.000  -10.203  -18.392 
  150.400   -9.897  -27.257 
  150.800  -10.865  -30.086 
  151.200  -10.874  -32.827 
  151.600  -14.353  -26.393 
  152.000   -8.429  -22.680 
  152.400  -12.939  -22.924 
  152.800  -18.451  -20.416 
  153.200  -17.473  -20.682 
  153.600  -18.259  -19.179 
  154.000  -19.836  -14.377 
  154.400  -13.091  -22.706 
  154.800  -11.953  -17.302 
  155.200  -14.916  -15.503 
  155.600  -17.776  -13.579 
  156.000   -9.648   -7.259 
  156.400   -7.981  -16.499 
  156.800   -2.084  -13.654 
  157.200   -8.036   -8.489 
  157.600  -11.719  -10.108 
  158.000  -13.453   -9.612 
  158.400   -6.463   -4.193 
  158.800   -3.082   -5.124 
  159.200   -7.886   -4.482 
  159.600   -2.030   -5.651 
  160.000  -11.227   -5.071 
  160.400   -6.977   -6.337 
  160.800   -8.487  -11.568 
  161.200  -10.093  -11.301 
  161.600  -14.081   -2.917 
  162.000  -14.494   -0.498 
  162.400  -17.908   -0.703 
  162.800  -16.774   -3.571 
  163.200  -14.022   -0.508 
  163.600  -15.786  -11.251 
  164.000  -10.029  -14.293 
  164.400   -8.624  -10.948 
  164.800  -13.438  -12.310 
  165.200  -14.534  -10.864 
  165.600  -13.662  -16.300 
  166.000  -16.490  -18.980 
  166.400  -13.976  -19.637 
  166.800  -17.398  -21.944 
  167.200  -15.381  -24.656 
  167.600  -17.077  -28.042 
  168.000  -15.269  -22.479 
  168.400  -15.188  -26.412 
  168.800  -12.199  -31.406 
  169.200  -12.734  -28.810 
  169.600  -12.183  -29.790 
  170.000  -10.743  -32.067 
  170.400  -11.368  -33.381 
  170.800  -10.098  -30.421 
  171.200  -10.506  -30.258 
  171.600   -9.761  -29.951 
  172.000  -10.646  -34.599 
  172.400  -10.757  -37.299 
  172.800   -8.390  -42.665 
  173.200  -12.540  -44.336 
  173.600  -19.318  -38.486 
  174.000  -19.750  -38.223 
  174.400  -18.928  -43.931 
  174.800  -20.799  -38.808 
  175.200  -18.820  -38.995 
  175.600  -19.005  -32.757 
  176.000  -17.722  -29.570 
  176.400  -15.014  -23.338 
  176.800  -20.066  -20.606 
  177.200  -14.435  -19.998 
  177.600  -15.290  -21.952 
  178.000  -14.923  -20.743 
  178.400  -19.917  -20.006 
  178.800  -16.447  -21.996 
  179.200  -18.562  -25.074 
  179.600  -15.871  -27.957 
  180.000  -18.351  -26.320 
  180.400  -16.341  -23.526 
  180.800  -14.939  -22.904 
  181.200  -19.701  -23.260 
  181.600  -20.651  -28.872 
  182.000  -20.742  -25.753 
  182.400  -19.630  -18.215 
  182.800  -21.292  -16.154 
  183.200  -22.381  -10.677 
  183.600  -20.621  -17.599 
  184.000  -18.372  -22.730 
  184.400  -19.917  -22.498 
  184.800  -19.730  -20.888 
  185.200  -19.373  -24.534 
  185.600  -20.448  -19.133 
  186.000  -20.497  -23.332 
  186.400  -20.188  -28.477 
  186.800  -22.802  -29.165 
  187.200  -22.657  -25.583 
  187.600  -21.630  -30.188 
  188.000  -19.080  -25.819 
  188.400  -17.092  -27.066 
  188.800  -21.828  -24.481 
  189.200  -21.092  -24.297 
  189.600  -23.623  -26.068 
  190.000  -19.937  -28.960 
  190.400  -21.547  -29.432 
  190.800  -19.149  -27.900 
  191.200  -19.938  -29.615 
  191.600  -23.184  -33.333 
  192.000  -19.656  -31.846 
  192.400  -19.248  -32.578 
  192.800  -18.470  -30.008 
  193.200  -18.123  -35.171 
  193.600  -15.085  -33.382 
  194.000  -22.716  -29.611 
  194.400  -18.258  -28.923 
  194.800  -17.987  -39.681 
  195.200  -19.659  -34.533 
  195.600  -16.833  -27.623 
  196.000  -22.347  -29.062 
  196.400  -12.180  -34.960 
  196.800  -16.316  -31.219 
  197.200  -14.272  -19.987 
  197.600  -15.468  -10.915 
  198.000  -14.470  -11.192 
  198.400  -14.584   -9.208 
  198.800  -13.410   -4.440 
  199.200  -12.703   -8.670 
  199.600  -11.918  -10.617 
  200.000  -15.340   -9.442 
  200.400  -12.675  -18.109 
  200.800  -15.060  -28.930 
  201.200   -9.422  -31.999 
  201.600  -13.874  -37.743 
  202.000  -16.717  -36.796 
  202.400  -11.287  -40.863 
  202.800  -10.817  -45.702 
  203.200  -14.233  -45.930 
  203.600  -14.711  -38.553 
  204.000  -10.957  -37.250 
  204.400  -14.943  -34.025 
  204.800  -12.208  -28.660 
  205.200  -13.109  -29.091 
  205.600  -14.997  -32.471 
  206.000  -16.466  -27.943 
  206.400  -12.509  -31.300 
  206.800  -14.109  -35.318 
  207.200   -8.996  -34.610 
  207.600  -13.560  -34.226 
  208.000  -13.219  -34.426 
  208.400   -5.650  -33.917 
  208.800   -3.359  -33.451 
  209.200   -1.576  -25.647 
  209.600   -4.026  -32.151 
  210.000   -5.773  -35.327 
  210.400   -9.334  -34.554 
  210.800   -6.971  -30.953 
  211.200   -5.974  -31.298 
  211.600   -8.932  -30.068 
  212.000   -7.441  -29.608 
  212.400   -4.602  -32.259 
  212.800  -10.157  -32.191 
  213.200   -7.560  -32.719 
  213.600   -6.166  -31.485 
  214.000   -4.270  -30.961 
  214.400   -6.514  -29.291 
  214.800   -9.619  -28.255 
  215.200   -9.661  -30.326 
  215.600   -8.294  -31.751 
  216.000   -7.720  -32.225 
  216.400   -3.297  -30.810 
  216.800   -7.854  -29.117 
  217.200   -0.248  -31.207 
  217.600   -0.141  -34.889 
  218.000  -11.049  -38.734 
  218.400   -1.775  -37.583 
  218.800   -8.328  -36.701 
  219.200   -7.912  -37.710 
  219.600  -10.063  -37.262 
  220.000   -4.899  -33.153 
  220.400   -6.515  -33.536 
  220.800   -3.909  -30.413 
  221.200   -5.958  -28.913 
  221.600   -7.127  -24.749 
  222.000   -9.496  -29.178 
  222.400  -12.117  -25.794 
  222.800   -8.193  -23.146 
  223.200   -3.691  -24.386 
  223.600   -7.249  -27.595 
  224.000   -4.828  -25.327 
  224.400   -5.004  -26.554 
  224.800   -5.695  -27.517 
  225.200  -11.325  -32.542 
  225.600   -7.385  -31.249 
  226.000   -8.345  -34.161 
  226.400   -4.484  -31.095 
  226.800   -2.479  -34.000 
  227.200   -6.508  -33.951 
  227.600   -7.067  -35.724 
  228.000   -6.180  -31.028 
  228.400   -7.547  -38.697 
  228.800  -12.096  -37.783 
  229.200   -9.100  -37.006 
  229.600  -10.595  -42.801 
  230.000   -9.677  -39.287 
  230.400   -8.815  -38.993 
  230.800   -9.770  -44.742 
  231.200  -10.477  -45.950 
  231.600   -9.330  -45.542 
  232.000  -10.392  -43.477 
  232.400   -7.846  -43.558 
  232.800   -7.828  -42.592 
  233.200   -8.466  -39.343 
  233.600   -7.161  -44.838 
  234.000   -4.431  -45.071 
  234.400   -7.978  -43.031 
  234.800   -6.589  -42.342 
  235.200   -6.782  -40.272 
  235.600   -8.535  -40.818 
  236.000   -8.641  -44.385 
  236.400   -8.639  -45.121 
  236.800   -9.143  -42.074 
  237.200   -7.527  -41.828 
  237.600   -8.791  -38.886 
  238.000   -9.469  -34.989 
  238.400   -8.283  -36.543 
  238.800   -7.580  -41.346 
  239.200   -6.762  -38.908 
  239.600   -8.050  -36.666 
  240.000   -8.725  -33.762 
  240.400  -10.092  -32.403 
  240.800   -8.735  -30.578 
  241.200   -7.987  -34.640 
  241.600   -7.631  -27.583 
  242.000   -9.954  -26.076 
  242.400   -9.407  -29.342 
  242.800  -12.074  -27.852 
  243.200  -11.533  -28.941 
  243.600  -11.045  -26.159 
  244.000   -6.204  -30.435 
  244.400  -11.165  -27.036 
  244.800   -9.976  -31.821 
  245.200  -11.229  -30.065 
  245.600   -4.362  -32.078 
  246.000   -2.396  -26.586 
  246.400   -2.200  -20.878 
  246.800   -8.308  -25.573 
  247.200   -9.378  -17.593 
  247.600   -5.790  -17.353 
  248.000   -5.459  -15.955 
  248.400   -5.395  -19.507 
  248.800   -3.131  -28.207 
  249.200   -1.912  -22.211 
  249.600   -5.023  -28.332 
  250.000   -3.696  -27.755 
  250.400    2.353  -26.703 
  250.800   -8.463  -19.458 
  251.200   -6.668  -18.848 
  251.600   -5.649  -14.546 
  252.000   -5.191  -19.470 
  252.400   -8.098  -19.710 
  252.800   -7.534  -27.921 
  253.200   -7.166  -20.249 
  253.600  -11.565  -30.403 
  254.000  -12.990  -33.014 
  254.400  -10.305  -32.210 
  254.800   -8.063  -20.952 
  255.200  -13.813  -21.523 
  255.600  -15.902  -14.555 
  256.000  -16.684  -23.512 
  256.400  -13.555  -23.551 
  256.800  -11.632  -26.152 
  257.200  -13.546  -28.492 
  257.600  -11.010  -26.566 
  258.000  -14.831  -19.288 
  258.400  -14.318  -21.033 
  258.800  -13.132  -18.008 
  259.200  -12.042  -21.920 
  259.600  -15.622  -18.126 
  260.000  -19.535  -23.602 
  260.400  -21.539  -30.973 
  260.800  -21.702  -26.841 
  261.200  -22.230  -24.007 
  261.600  -23.381  -16.495 
  262.000  -19.767  -16.875 
  262.400  -17.145  -14.149 
  262.800  -14.553  -12.954 
  263.200  -15.682  -18.883 
  263.600  -15.625  -21.557 
  264.000  -17.016  -16.514 
  264.400  -16.581  -19.161 
  264.800  -16.090  -19.680 
  265.200  -16.701   -9.631 
  265.600  -21.935  -14.811 
  266.000  -21.584  -24.643 
  266.400  -19.520  -25.597 
  266.800  -19.374  -24.481 
  267.200  -18.359  -25.729 
  267.600  -19.138  -25.702 
  268.000  -15.687  -32.256 
  268.400  -17.953  -19.353 
  268.800  -18.094  -22.519 
  269.200  -17.890  -25.202 
  269.600  -14.147  -17.089 
  270.000  -17.889  -15.709 
  270.400  -18.259  -17.352 
  270.800  -16.748  -15.773 
  271.200  -18.949  -14.480 
  271.600  -17.859  -17.854 
  272.000  -19.021  -18.215 
  272.400  -20.046  -20.767 
  272.800  -18.866  -16.060 
  273.200  -20.412  -17.104 
  273.600  -20.001  -14.840 
  274.000  -20.909   -4.176 
  274.400  -18.138   -7.906 
  274.800  -21.188   -6.281 
  275.200  -18.680  -12.531 
  275.600  -18.517  -14.570 
  276.000  -14.821  -13.259 
  276.400  -13.277   -7.299 
  276.800  -14.071   -5.358 
  277.200  -13.614   -6.116 
  277.600  -16.375   -3.328 
  278.000  -15.143   -6.953 
  278.400  -11.286   -3.753 
  278.800  -11.552  -13.999 
  279.200   -8.492  -12.349 
  279.600   -7.468  -15.826 
  280.000   -7.357  -12.204 
  280.400   -7.275  -13.608 
  280.800   -6.879   -8.237 
  281.200   -3.151  -17.321 
  281.600   -5.704  -13.911 
  282.000   -6.753  -16.595 
  282.400   -8.341  -17.786 
  282.800   -6.965  -20.980 
  283.200   -6.399  -22.353 
  283.600   -6.335  -23.168 
  284.000   -1.813  -23.668 
  284.400   -8.426  -19.593 
  284.800   -6.161  -29.117 
  285.200   -8.004  -28.463 
  285.600  -13.684  -26.998 
  286.000  -14.906  -28.232 
  286.400  -18.111  -27.542 
  286.800  -14.946  -31.297 
  287.200  -12.896  -29.305 
  287.600  -15.111  -27.539 
  288.000  -15.719  -23.289 
  288.400  -16.968  -20.039 
  288.800  -17.744  -27.440 
  289.200  -16.799  -31.823 
  289.600  -17.686  -29.096 
  290.000  -19.126  -27.760 
  290.400  -13.289  -26.117 
  290.800   -9.986  -23.137 
  291.200  -15.618  -27.391 
  291.600  -18.008  -26.719 
  292.000  -14.432  -27.291 
  292.400  -14.152  -27.983 
  292.800  -15.565  -23.095 
  293.200  -13.304  -24.853 
  293.600  -11.814  -31.343 
  294.000  -16.033  -23.443 
  294.400  -19.864  -14.882 
  294.800  -16.334  -13.058 
  295.200  -15.399  -10.335 
  295.600  -14.545  -12.306 
  296.000  -13.291   -5.280 
  296.400  -14.309   -6.871 
  296.800  -11.718  -12.395 
  297.200  -14.071  -19.044 
  297.600  -15.293  -23.888 
  298.000  -13.530  -18.873 
  298.400  -10.504  -17.912 
  298.800  -13.404  -16.143 
  299.200  -11.611  -11.025 
  299.600  -16.953  -17.338 
  300.000  -14.489  -21.391 
  300.400  -14.122  -14.661 
  300.800  -14.776  -19.372 
  301.200  -14.794  -17.544 
  301.600  -11.015  -15.752 
  302.000  -11.796  -23.404 
  302.400  -14.164  -12.895 
  302.800  -21.969   -7.751 
  303.200  -16.831  -12.582 
  303.600  -16.724  -21.527 
  304.000  -17.993  -14.896 
  304.400  -18.902  -11.791 
  304.800  -24.548  -15.119 
  305.200  -23.993  -15.446 
  305.600  -22.898   -7.909 
  306.000  -22.542   -4.875 
  306.400  -21.616   -8.839 
  306.800  -23.285  -11.571 
  307.200  -25.431   -9.779 
  307.600  -23.567   -9.617 
  308.000  -23.081   -7.551 
  308.400  -22.387   -2.843 
  308.800  -22.153   -3.985 
  309.200  -22.766    0.205 
  309.600  -18.118   -7.463 
  310.000  -18.769   -3.705 
  310.400  -17.783   -7.791 
  310.800  -19.507   -5.267 
  311.200  -16.301   -5.172 
  311.600  -15.217    0.287 
  312.000  -11.562    9.146 
  312.400  -10.488    1.950 
  312.800   -7.992    1.001 
  313.200   -7.408   -2.143 
  313.600   -3.036  -12.383 
  314.000   -3.270  -15.530 
  314.400   -6.665  -10.279 
  314.800   -9.317   -9.836 
  315.200  -10.753   -8.277 
  315.600  -10.894   -4.962 
  316.000   -6.180    2.419 
  316.400   -5.343    1.623 
  316.800   -9.555    4.561 
  317.200  -12.932   -4.109 
  317.600  -10.515   -6.305 
  318.000  -11.134  -10.778 
  318.400  -12.486  -12.175 
  318.800  -16.552   -8.364 
  319.200  -15.168  -10.425 
  319.600  -13.322   -1.617 
  320.000  -13.126    2.312 
  320.400  -13.935   -6.662 
  320.800  -13.623   -5.321 
  321.200   -8.989   -7.815 
  321.600  -13.116  -13.007 
  322.000  -14.422  -15.787 
  322.400  -14.812  -20.143 
  322.800  -14.476  -21.270 
  323.200  -12.411  -20.954 
  323.600  -13.001  -15.891 
  324.000  -14.719  -20.243 
  324.400  -12.114  -25.550 
  324.800   -8.298  -32.482 
  325.200   -7.227  -28.561 
  325.600   -9.079  -40.461 
  326.000   -7.995  -37.659 
  326.400   -8.103  -38.711 
  326.800  -10.808  -36.641 
  327.200  -17.290  -24.599 
  327.600  -15.713  -24.571 
  328.000  -11.734  -19.974 
  328.400  -16.254  -28.637 
  328.800  -17.020  -26.614 
  329.200  -15.314  -23.539 
  329.600  -16.639  -23.263 
  330.000  -17.538  -18.572 
  330.400  -18.514  -16.236 
  330.800  -19.937  -12.516 
  331.200  -19.376  -15.533 
  331.600  -17.529  -16.300 
  332.000  -18.829  -15.067 
  332.400  -21.213  -24.805 
  332.800  -18.781  -31.834 
  333.200  -18.079  -34.703 
  333.600  -17.937  -39.618 
  334.000  -18.138  -39.466 
  334.400  -18.727  -38.377 
  334.800  -18.090  -44.975 
  335.200  -17.868  -42.707 
  335.600  -21.738  -46.261 
  336.000  -16.767  -52.318 
  336.400  -19.845  -49.666 
  336.800  -20.736  -54.118 
  337.200  -20.211  -54.908 
  337.600  -21.282  -50.564 
  338.000  -19.798  -53.104 
  338.400  -20.256  -45.697 
  338.800  -18.532  -42.410 
  339.200  -20.996  -46.787 
  339.600  -21.243  -42.496 
  340.000  -24.185  -37.745 
  340.400  -24.924  -38.933 
  340.800  -24.094  -39.930 
  341.200  -23.226  -31.810 
  341.600  -19.831  -32.519 
  342.000  -21.422  -38.111 
  342.400  -20.153  -35.967 
  342.800  -19.813  -40.172 
  343.200  -20.375  -36.833 
  343.600  -15.755  -26.125 
  344.000  -20.433  -27.911 
  344.400  -23.166  -36.589 
  344.800  -26.128  -33.971 
  345.200  -23.492  -35.847 
  345.600  -24.870  -33.658 
  346.000  -22.108  -38.335 
  346.400  -21.488  -48.533 
  346.800  -25.699  -48.243 
  347.200  -28.189  -51.634 
  347.600  -25.977  -44.513 
  348.000  -27.407  -41.753 
  348.400  -26.580  -40.622 
  348.800  -26.183  -35.823 
  349.200  -27.834  -35.370 
  349.600  -28.595  -35.248 
  350.000  -26.720  -36.024 
  350.400  -28.956  -36.410 
  350.800  -23.748  -37.148 
  351.200  -20.159  -41.304 
  351.600  -20.635  -41.929 
  352.000  -20.830  -38.869 
  352.400  -21.726  -38.395 
  352.800  -19.287  -37.564 
  353.200  -17.044  -41.438 
  353.600  -17.424  -42.901 
  354.000  -18.418  -42.093 
  354.400  -19.576  -49.800 
  354.800  -21.494  -48.200 
  355.200  -20.921  -46.589 
  355.600  -24.104  -39.646 
  356.000  -17.136  -38.434 
  356.400  -17.879  -45.335 
  356.800  -13.151  -46.319 
  357.200  -15.885  -42.520 
  357.600  -21.317  -41.609 
  358.000  -19.209  -36.412 
  358.400  -15.047  -36.651 
  358.800  -20.400  -35.914 
  359.200  -19.709  -32.162 
  359.600  -18.397  -32.476 
  360.000  -22.770  -27.571 
  360.400  -20.301  -32.019 
  360.800  -18.217  -34.719 
  361.200  -15.846  -28.472 
  361.600  -16.494  -36.052 
  362.000  -18.110  -36.345 
  362.400  -18.081  -35.465 
  362.800  -18.302  -32.487 
  363.200  -18.476  -41.662 
  363.600  -19.058  -41.474 
  364.000  -15.737  -40.630 
  364.400  -16.926  -47.073 
  364.800  -18.756  -43.605 
  365.200  -15.154  -40.229 
  365.600  -17.516  -34.823 
  366.000  -17.043  -32.267 
  366.400  -11.970  -31.800 
  366.800  -23.884  -28.714 
  367.200  -21.495  -26.309 
  367.600  -23.042  -20.869 
  368.000  -18.442  -26.667 
  368.400   -9.013  -26.586 
  368.800  -12.748  -27.580 
  369.200   -6.599  -25.315 
  369.600  -16.584  -23.733 
  370.000  -18.241  -21.801 
  370.400  -21.704  -27.473 
  370.800  -16.403  -26.416 
  371.200  -13.366  -30.440 
  371.600  -21.145  -35.946 
  372.000  -14.156  -34.776 
  372.400  -19.110  -31.917 
  372.800  -16.391  -26.746 
  373.200  -10.983  -18.321 
  373.600  -10.623  -12.259 
  374.000  -12.760  -12.788 
  374.400  -16.474  -10.955 
  374.800  -12.152  -10.649 
  375.200  -15.614  -18.300 
  375.600  -15.709  -18.064 
  376.000  -19.334  -21.534 
  376.400  -25.907  -17.948 
  376.800  -27.959  -17.733 
  377.200  -22.291  -18.326 
  377.600  -27.685  -17.955 
  378.000  -24.356  -23.884 
  378.400  -23.729  -22.952 
  378.800  -26.246  -14.990 
  379.200  -15.997  -13.172 
  379.600  -17.004  -20.603 
  380.000  -21.201  -28.092 
  380.400  -17.070  -30.588 
  380.800   -9.805  -30.946 
  381.200  -17.161  -34.342 
  381.600  -20.330  -46.076 
  382.000  -22.551  -32.930 
  382.400  -24.178  -36.935 
  382.800  -21.549  -35.366 
  383.200  -16.247  -37.712 
  383.600  -16.518  -33.803 
  384.000  -17.963  -30.200 
  384.400  -17.402  -31.592 
  384.800  -21.025  -26.811 
  385.200   -7.254  -25.847 
  385.600  -11.008  -21.257 
  386.000   -6.064  -28.542 
  386.400   -6.180  -31.894 
  386.800   -6.906  -33.129 
  387.200   -3.065  -42.359 
  387.600   -7.241  -38.686 
  388.000   -5.035  -48.681 
  388.400   -4.774  -43.050 
  388.800   -4.785  -34.782 
  389.200   -8.047  -31.894 
  389.600   -9.822  -37.314 
  390.000   -1.436  -34.294 
  390.400   -2.227  -27.555 
  390.800   -0.708  -18.141 
  391.200   -3.745   -7.190 
  391.600   -1.824   -8.088 
  392.000   -2.788   -7.982 
  392.400   -0.681   -7.081 
  392.800   -3.554  -11.035 
  393.200   -3.565   -6.567 
  393.600   -1.693  -14.900 
  394.000    0.507  -13.421 
  394.400   -1.808  -15.915 
  394.800   -3.518  -12.147 
  395.200   -7.423  -12.372 
  395.600   -6.050  -17.661 
  396.000   -3.978  -20.054 
  396.400  -10.064   -9.549 
  396.800   -8.947  -13.937 
  397.200   -6.329   -6.770 
  397.600   -6.266   -2.503 
  398.000   -7.466    2.667 
  398.400  -14.984    6.698 
  398.800  -13.010   -2.337 
  399.200  -14.114    2.411 
  399.600   -8.395   -1.292 
  400.000  -12.408   -5.323 
  400.400   -8.852    2.801 
  400.800  -14.204    6.797 
  401.200  -18.635    3.151 
  401.600  -14.975    3.820 
  402.000  -17.174   -6.704 
  402.400  -19.686  -14.553 
  402.800  -10.962  -17.356 
  403.200  -19.290  -30.420 
  403.600   -7.862  -26.628 
  404.000  -13.749  -23.117 
  404.400  -20.942  -24.465 
  404.800  -13.663  -24.759 
  405.200  -14.320  -20.871 
  405.600   -7.341  -23.271 
  406.000   -9.634  -29.288 
  406.400   -5.568  -27.547 
  406.800   -3.150  -30.303 
  407.200   -9.235  -31.129 
  407.600  -12.090  -26.934 
  408.000  -11.704  -17.454 
  408.400  -12.255  -18.045 
  408.800  -12.106  -28.788 
  409.200  -11.642  -17.643 
  409.600   -8.659  -19.873 
  410.000  -10.991  -18.259 
  410.400  -11.034  -23.073 
  410.800   -9.138  -24.840 
  411.200   -9.037  -24.597 
  411.600   -6.197  -24.585 
  412.000   -5.366  -24.160 
  412.400   -7.571  -26.655 
  412.800   -7.516  -28.109 
  413.200   -7.047  -25.045 
  413.600   -6.680  -23.430 
  414.000   -7.310  -20.338 
  414.400   -6.901  -19.960 
  414.800   -6.534  -21.313 
  415.200   -7.369  -19.607 
  415.600  -10.912  -19.892 
  416.000  -10.290  -22.890 
  416.400   -7.390  -25.555 
  416.800   -7.376  -26.864 
  417.200   -6.309  -26.352 
  417.600   -4.784  -23.271 
  418.000   -4.863  -21.309 
  418.400   -9.596  -21.862 
  418.800  -11.088  -20.231 
  419.200   -8.527  -27.061 
  419.600  -12.274  -24.723 
  420.000   -9.402  -25.319 
  420.400  -11.290  -18.097 
  420.800   -6.838  -19.038 
  421.200    2.692  -18.999 
  421.600   -1.948  -22.426 
  422.000  -14.915  -20.431 
  422.400  -13.074  -25.961 
  422.800  -10.527  -22.824 
  423.200   -8.229  -30.383 
  423.600   -2.829  -30.105 
  424.000   -3.605  -33.689 
  424.400    2.745  -31.995 
  424.800   -0.758  -35.846 
  425.200   -7.430  -32.612 
  425.600   -1.876  -33.234 
  426.000   -4.913  -32.601 
  426.400   -9.971  -36.566 
  426.800    1.123  -36.177 
  427.200    0.645  -38.145 
  427.600   -2.144  -39.945 
  428.000    4.111  -38.790 
  428.400    1.510  -34.675 
  428.800   -6.550  -40.081 
  429.200   -4.740  -38.248 
  429.600   -5.062  -38.991 
  430.000   -2.637  -36.900 
  430.400   -4.983  -36.079 
  430.800   -3.154  -36.128 
  431.200   -3.776  -35.309 
  431.600   -1.329  -40.851 
  432.000    0.856  -37.304 
  432.400    0.897  -38.208 
  432.800   -2.160  -38.927 
  433.200   -2.394  -41.683 
  433.600   -2.167  -43.405 
  434.000   -1.287  -36.419 
  434.400   -1.252  -34.409 
  434.800   -1.118  -34.311 
  435.200   -0.756  -35.637 
  435.600   -1.459  -37.584 
  436.000   -5.556  -37.474 
  436.400   -5.777  -35.987 
  436.800   -5.499  -33.224 
  437.200   -8.185  -37.083 
  437.600  -11.955  -37.810 
  438.000  -14.814  -33.835 
  438.400  -17.090  -34.070 
  438.800  -13.219  -33.967 
  439.200  -14.016  -29.682 
  439.600  -14.597  -40.292 
  440.000  -10.426  -41.187 
  440.400  -10.924  -45.741 
  440.800   -8.438  -42.152 
  441.200   -6.936  -37.594 
  441.600   -4.508  -32.021 
  442.000   -8.151  -28.056 
  442.400   -9.854  -28.528 
  442.800  -11.985  -21.473 
  443.200  -15.283  -19.231 
  443.600   -9.146  -14.700 
  444.000  -11.691  -14.373 
  444.400   -8.863  -13.145 
  444.800   -9.379  -15.010 
  445.200   -6.877  -15.600 
  445.600  -11.375  -14.924 
  446.000  -12.700  -11.436 
  446.400   -8.374  -10.745 
  446.800   -9.183  -10.501 
  447.200   -9.172   -8.346 
  447.600   -9.405  -17.141 
  448.000   -7.938  -13.525 
  448.400  -11.677  -22.198 
  448.800   -8.808  -27.823 
  449.200   -7.174  -20.614 
  449.600   -6.864  -20.241 
  450.000   -6.872  -17.588 
  450.400   -9.602  -19.261 
  450.800  -10.330  -19.248 
  451.200  -10.316  -17.125 
  451.600   -9.339  -18.202 
  452.000  -12.227  -17.067 
  452.400   -8.131  -19.527 
  452.800  -10.958  -18.253 
  453.200   -8.625  -19.314 
  453.600  -17.109  -18.199 
  454.000  -10.209  -18.877 
  454.400   -9.576  -17.877 
  454.800   -2.189  -18.359 
  455.200   -6.595  -15.126 
  455.600   -9.587  -14.896 
  456.000   -9.458  -13.422 
  456.400   -8.316  -16.287 
  456.800   -9.858  -16.070 
  457.200   -6.882  -16.856 
  457.600   -8.017  -17.876 
  458.000   -9.034  -17.971 
  458.400   -7.887  -17.563 
  458.800   -5.401  -18.669 
  459.200   -6.953  -16.509 
  459.600   -7.013  -16.554 
  460.000   -5.880  -21.306 
  460.400   -7.333  -21.210 
  460.800   -6.771  -22.490 
  461.200   -9.977  -18.651 
  461.600   -5.440  -21.216 
  462.000   -6.010  -19.210 
  462.400   -6.427  -21.543 
  462.800   -8.902  -22.514 
  463.200   -5.518  -23.403 
  463.600   -5.273  -20.967 
  464.000   -9.063  -21.717 
  464.400  -12.649  -23.646 
  464.800  -15.182  -22.816 
  465.200  -12.666  -22.830 
  465.600  -11.915  -23.862 
  466.000   -6.975  -21.744 
  466.400   -9.523  -21.829 
  466.800  -11.713  -21.220 
  467.200  -11.280  -19.444 
  467.600  -11.312  -20.697 
  468.000  -11.100  -21.870 
  468.400  -11.746  -24.263 
  468.800  -16.427  -23.690 
  469.200  -12.795  -23.399 
  469.600  -12.828  -23.947 
  470.000   -9.613  -23.025 
  470.400   -9.317  -23.195 
  470.800   -9.772  -24.390 
  471.200  -12.953  -23.729 
  471.600   -2.938  -24.569 
  472.000   -4.745  -23.457 
  472.400   -8.122  -23.272 
  472.800   -4.158  -22.832 
  473.200    1.910  -24.503 
  473.600   -0.477  -24.595 
  474.000   -5.726  -23.386 
  474.400   -9.183  -24.914 
  474.800   -6.806  -25.893 
  475.200   -9.163  -25.165 
  475.600  -12.909  -25.004 
  476.000   -1.551  -25.011 
  476.400    3.521  -25.004 
  476.800    7.170  -24.635 
  477.200    6.538  -24.062 
  477.600    1.419  -23.931 
  478.000   -6.019  -23.814 
  478.400   -5.075  -24.030 
  478.800   -3.465  -24.191 
  479.200   -1.328  -23.442 
  479.600   -4.756  -24.044 
  480.000  -10.577  -24.005 
  480.400   -4.150  -23.832 
  480.800   -3.635  -24.060 
  481.200   -3.409  -24.068 
  481.600    6.672  -24.691 
  482.000    2.532  -25.548 
  482.400    0.999  -25.030 
  482.800   -3.230  -25.042 
  483.200   -1.444  -24.072 
  483.600   -2.668  -23.423 
  484.000  -10.083  -24.503 
  484.400  -13.351  -23.767 
  484.800  -14.755  -27.212 
  485.200  -18.482  -27.033 
  485.600  -17.668  -25.082 
  486.000  -22.647  -24.474 
  486.400  -20.295  -23.319 
  486.800  -21.517  -23.099 
  487.200  -21.255  -25.962 
  487.600  -19.638  -26.480 
  488.000  -20.509  -25.355 
  488.400  -22.517  -23.327 
  488.800  -21.273  -21.764 
  489.200  -20.746  -21.645 
  489.600  -18.820  -22.882 
  490.000  -19.040  -22.692 
  490.400  -19.602  -23.336 
  490.800  -19.137  -25.526 
  491.200  -21.487  -23.886 
  491.600  -21.954  -22.212 
  492.000  -21.286  -22.195 
  492.400  -21.937  -24.400 
  492.800  -20.983  -23.240 
  493.200  -20.193  -25.886 
  493.600  -19.815  -23.963 
  494.000  -17.884  -24.121 
  494.400  -18.648  -23.276 
  494.800  -19.004  -24.483 
  495.200  -16.777  -24.423 
  495.600  -17.078  -24.521 
  496.000  -19.571  -23.542 
  496.400  -18.336  -24.041 
  496.800  -20.837  -24.171 
  497.200  -20.331  -24.084 
  497.600  -19.267  -22.829 
  498.000  -18.682  -22.266 
  498.400  -17.277  -21.091 
  498.800  -17.587  -24.122 
  499.200  -17.964  -20.313 
  499.600  -16.251  -16.576 
  500.000  -17.543  -20.807 
  500.400  -17.789  -17.768 
  500.800  -16.410  -24.749 
  501.200  -15.083  -27.263 
  501.600  -17.524  -29.809 
  502.000  -19.193  -21.495 
  502.400  -19.467  -22.361 
  502.800  -17.691  -18.154 
  503.200  -18.881  -16.746 
  503.600  -19.177  -13.642 
  504.000  -16.972  -12.572 
  504.400  -17.401  -16.599 
  504.800  -18.825  -18.757 
  505.200  -20.290  -14.749 
  505.600  -17.569   -6.108 
  506.000  -17.066  -10.587 
  506.400  -18.359  -17.225 
  506.800  -20.728  -20.238 
  507.200  -20.679  -21.011 
  507.600  -19.158  -14.797 
  508.000  -20.847   -7.650 
  508.400  -19.144  -11.468 
  508.800  -18.778  -19.864 
  509.200  -19.314  -26.376 
  509.600  -22.322  -27.865 
  510.000  -22.036  -29.692 
  510.400  -23.135  -24.121 
  510.800  -18.153  -34.940 
  511.200  -19.603  -35.204 
  511.600  -21.922  -29.708 
  512.000  -22.934  -27.508 
  512.400  -22.350  -26.592 
  512.800  -20.159  -26.676 
  513.200  -20.544  -26.126 
  513.600  -19.479  -21.336 
  514.000  -19.884  -22.972 
  514.400  -18.549  -16.744 
  514.800  -16.772  -16.955 
  515.200  -17.614  -19.514 
  515.600  -19.806  -19.079 
  516.000  -19.910  -20.774 
  516.400  -19.273  -21.301 
  516.800  -16.818  -27.757 
  517.200  -16.881  -28.389 
  517.600  -14.145  -28.428 
  518.000  -13.317  -28.552 
  518.400  -15.717  -33.708 
  518.800  -15.979  -37.223 
  519.200  -16.381  -33.200 
  519.600  -16.754  -32.553 
  520.000  -18.191  -29.954 
  520.400  -16.254  -31.353 
  520.800  -16.146  -30.984 
  521.200  -14.616  -32.517 
  521.600  -14.561  -27.273 
  522.000  -18.222  -28.080 
  522.400  -15.340  -23.222 
  522.800  -12.472  -36.021 
  523.200  -10.998  -36.953 
  523.600  -11.590  -41.402 
  524.000  -12.240  -38.710 
  524.400  -17.017  -37.311 
  524.800  -17.811  -35.731 
  525.200  -15.721  -31.145 
  525.600  -16.362  -31.671 
  526.000  -16.976  -26.650 
  526.400  -13.503  -27.461 
  526.800   -7.742  -27.464 
  527.200  -12.771  -27.261 
  527.600   -4.581  -26.598 
  528.000   -4.519  -25.266 
  528.400   -7.657  -24.164 
  528.800   -6.321  -23.714 
  529.200   -8.475  -22.743 
  529.600  -12.139  -23.618 
  530.000   -8.819  -17.591 
  530.400   -8.243  -21.576 
  530.800   -7.891  -26.292 
  531.200   -5.619  -25.179 
  531.600  -10.064  -30.304 
  532.000  -12.796  -30.290 
  532.400   -9.638  -38.087 
  532.800   -9.903  -37.007 
  533.200  -10.181  -28.106 
  533.600  -14.544  -29.630 
  534.000  -13.795  -29.316 
  534.400  -11.718  -26.250 
  534.800  -13.305  -26.806 
  535.200  -10.808  -26.121 
  535.600  -15.031  -25.262 
  536.000  -13.731  -26.329 
  536.400  -10.781  -28.335 
  536.800   -3.346  -29.285 
  537.200   -6.599  -27.418 
  537.600   -5.228  -31.190 
  538.000   -4.380  -28.158 
  538.400   -4.672  -29.088 
  538.800   -6.998  -29.893 
  539.200   -6.116  -29.397 
  539.600   -5.888  -28.572 
  540.000   -7.742  -29.672 
  540.400   -6.317  -30.392 
  540.800   -4.079  -29.195 
  541.200  -10.361  -27.775 
  541.600   -8.880  -27.383 
  542.000   -5.409  -31.266 
  542.400   -7.880  -26.500 
  542.800   -5.086  -27.067 
  543.200   -2.209  -25.178 
  543.600   -5.361  -27.293 
  544.000   -2.686  -28.564 
  544.400   -2.393  -28.085 
  544.800   -5.270  -27.865 
  545.200   -7.301  -29.013 
  545.600   -6.668  -28.712 
  546.000   -4.979  -29.876 
  546.400   -3.142  -27.319 
  546.800   -3.920  -28.972 
  547.200   -4.529  -30.297 
  547.600   -4.682  -30.789 
  548.000   -3.715  -26.979 
  548.400   -5.047  -31.247 
  548.800   -6.025  -27.906 
  549.200   -3.479  -31.031 
  549.600   -4.892  -29.030 
  550.000   -5.138  -30.225 
  550.400   -9.141  -29.920 
  550.800   -7.399  -29.242 
  551.200   -8.277  -31.049 
  551.600   -8.176  -28.249 
  552.000  -10.113  -27.691 
  552.400   -4.568  -31.546 
  552.800   -5.942  -31.228 
  553.200    1.381  -28.424 
  553.600   -1.711  -28.566 
  554.000   -1.389  -27.132 
  554.400   -5.268  -27.830 
  554.800  -15.036  -31.619 
  555.200  -14.518  -30.745 
  555.600  -11.363  -31.364 
  556.000  -18.026  -32.847 
  556.400  -14.134  -36.177 
  556.800  -15.766  -33.523 
  557.200   -3.760  -31.007 
  557.600   -7.160  -31.842 
  558.000    1.876  -39.726 
  558.400   -2.236  -36.100 
  558.800   -1.611  -34.481 
  559.200   -4.841  -35.586 
  559.600   -0.748  -28.898 
  560.000   -4.464  -27.105 
  560.400    0.304  -34.240 
  560.800    1.430  -35.096 
  561.200    1.848  -34.594 
  561.600    2.872  -30.432 
  562.000    2.380  -32.089 
  562.400    1.216  -37.264 
  562.800    0.343  -36.054 
  563.200    0.729  -29.035 
  563.600    1.122  -26.731 
  564.000   -0.620  -24.501 
  564.400    0.454  -24.257 
  564.800    1.110  -22.135 
  565.200    0.858  -14.967 
  565.600   -0.169  -14.612 
  566.000    1.093  -10.001 
  566.400    1.527   -8.632 
  566.800   -2.469  -12.776 
  567.200    1.062   -8.482 
  567.600    1.847  -10.774 
  568.000    1.149   -9.239 
  568.400    1.424   -7.040 
  568.800    1.342   -8.664 
  569.200   -3.023   -8.675 
  569.600   -3.990   -7.741 
  570.000   -0.250   -9.096 
  570.400   -2.055   -8.310 
  570.800   -0.838   -9.078 
  571.200   -2.212   -9.249 
  571.600   -2.038   -9.479 
  572.000   -1.731  -10.050 
  572.400   -3.111  -12.617 
  572.800   -3.331  -12.406 
  573.200   -0.877  -11.452 
  573.600    3.957  -10.996 
  574.000    0.570  -12.149 
  574.400   -3.094  -11.103 
  574.800   -4.301  -13.215 
  575.200   -3.709  -11.881 
  575.600   -5.135  -10.638 
  576.000   -5.826  -11.817 
  576.400   -5.382  -12.321 
  576.800   -5.525  -11.944 
  577.200   -6.195  -14.761 
  577.600   -4.601  -15.381 
  578.000   -5.223  -13.821 
  578.400   -6.054  -15.011 
  578.800   -4.902  -17.438 
  579.200   -6.017  -12.455 
  579.600   -5.629  -16.463 
  580.000   -3.555  -18.127 
  580.400    0.126  -18.274 
  580.800    5.819  -15.752 
  581.200   -3.898  -16.463 
  581.600   -2.507  -18.047 
  582.000    2.799  -18.997 
  582.400    2.372  -18.535 
  582.800    1.566  -16.530 
  583.200    2.704  -17.454 
  583.600    3.712  -21.943 
  584.000   -3.536  -21.332 
  584.400    1.496  -24.075 
  584.800   -1.999  -22.944 
  585.200   -4.793  -22.552 
  585.600   -0.249  -25.156 
  586.000  -10.915  -26.403 
  586.400   -3.608  -25.152 
  586.800   -1.723  -24.436 
  587.200    1.636  -23.671 
  587.600   -8.309  -20.531 
  588.000   -6.766  -22.955 
  588.400  -13.981  -25.433 
  588.800   -6.754  -25.349 
  589.200   -5.140  -22.937 
  589.600   -6.963  -24.364 
  590.000   -1.895  -23.780 
  590.400   -3.237  -23.472 
  590.800   -2.015  -23.378 
  591.200    2.339  -23.685 
  591.600    3.643  -24.763 
  592.000    1.961  -23.182 
  592.400    2.290  -22.608 
  592.800    3.381  -22.849 
  593.200    2.134  -22.286 
  593.600    4.208  -21.763 
  594.000    2.689  -20.331 
  594.400    1.224  -18.258 
  594.800    2.784  -19.735 
  595.200    2.814  -18.690 
  595.600    1.503  -20.080 
  596.000    2.016  -20.844 
  596.400    3.937  -23.828 
  596.800    2.960  -22.071 
  597.200    2.240  -23.433 
  597.600    5.019  -25.160 
  598.000    4.848  -24.914 
  598.400    4.941  -25.514 
  598.800    4.443  -24.725 
  599.200    3.879  -24.578 
  599.600    2.934  -22.408 
  600.000    3.236  -22.694 
  600.400    3.498  -23.266 
  600.800   -2.818  -23.099 
  601.200    2.394  -23.667 
  601.600    1.133  -23.060 
  602.000    1.916  -20.251 
  602.400    1.081  -20.517 
  602.800   -1.284  -23.292 
  603.200    3.773  -22.926 
  603.600    6.885  -22.546 
  604.000    0.913  -23.169 
  604.400    3.486  -21.398 
  604.800   -6.106  -20.804 
  605.200   -3.141  -20.764 
  605.600    8.515  -23.722 
  606.000   -5.232  -23.530 
  606.400   -7.748  -25.506 
  606.800   -8.377  -25.241 
  607.200   -7.678  -25.017 
  607.600   -7.309  -24.018 
  608.000  -10.865  -25.227 
  608.400  -10.238  -26.384 
  608.800  -12.889  -25.058 
  609.200  -10.404  -26.092 
  609.600   -9.943  -26.378 
  610.000   -3.329  -27.055 
  610.400   -6.065  -26.775 
  610.800   -6.254  -26.787 
  611.200  -13.129  -32.512 
  611.600   -8.807  -32.261 
  612.000   -9.497  -33.811 
  612.400  -12.750  -25.911 
  612.800  -10.378  -26.576 
  613.200  -13.109  -25.877 
  613.600  -11.342  -28.175 
  614.000  -12.003  -28.731 
  614.400  -14.024  -28.855 
  614.800  -11.909  -30.191 
  615.200  -11.346  -28.483 
  615.600  -11.830  -32.075 
  616.000  -13.730  -28.196 
  616.400  -10.317  -29.419 
  616.800   -8.216  -29.414 
  617.200   -9.311  -29.536 
  617.600   -7.472  -30.149 
  618.000   -8.758  -26.926 
  618.400   -8.394  -32.880 
  618.800   -9.032  -32.915 
  619.200   -8.439  -30.458 
  619.600   -6.998  -36.306 
  620.000   -8.424  -41.104 
  620.400   -7.910  -33.543 
  620.800   -7.977  -33.280 
  621.200   -7.880  -33.854 
  621.600   -7.447  -29.081 
  622.000   -9.112  -22.454 
  622.400   -9.429  -28.297 
  622.800   -8.835  -25.459 
  623.200   -8.156  -31.084 
  623.600   -9.908  -29.907 
  624.000   -6.875  -28.446 
  624.400   -8.307  -28.040 
  624.800   -9.176  -29.137 
  625.200   -7.687  -29.932 
  625.600   -8.549  -31.586 
  626.000   -9.165  -32.108 
  626.400   -4.287  -29.965 
  626.800   -4.361  -26.055 
  627.200   -3.127  -27.042 
  627.600   -2.183  -30.908 
  628.000   -4.483  -29.435 
  628.400   -4.162  -30.108 
  628.800   -4.328  -30.031 
  629.200   -4.537  -31.749 
  629.600   -4.083  -34.972 
  630.000   -3.481  -35.384 
  630.400   -3.881  -29.705 
  630.800   -5.077  -24.253 
  631.200   -3.805  -31.094 
  631.600   -3.146  -27.434 
  632.000   -3.007  -30.542 
  632.400   -4.022  -30.850 
  632.800   -3.657  -32.622 
  633.200   -3.977  -31.592 
  633.600   -4.540  -32.408 
  634.000   -3.921  -32.330 
  634.400   -4.181  -33.368 
  634.800   -3.458  -27.294 
  635.200   -3.767  -29.672 
  635.600   -4.100  -20.846 
  636.000   -2.775  -20.027 
  636.400   -1.105  -16.936 
  636.800   -0.551  -21.781 
  637.200   -2.497  -28.290 
  637.600   -3.696  -28.017 
  638.000   -2.845  -30.224 
  638.400   -3.434  -29.224 
  638.800   -2.589  -26.709 
  639.200   -3.827  -22.756 
  639.600   -2.491  -27.613 
  640.000   -2.165  -25.860 
  640.400   -3.942  -30.773 
  640.800   -3.360  -26.154 
  641.200   -3.131  -28.153 
  641.600   -1.623  -32.560 
  642.000   -4.330  -29.475 
  642.400   -3.864  -23.633 
  642.800   -2.852  -28.572 
  643.200   -4.169  -20.589 
  643.600   -4.820  -24.828 
  644.000   -3.365  -22.118 
  644.400   -3.641  -22.616 
  644.800   -3.587  -23.218 
  645.200   -4.067  -27.329 
  645.600   -3.640  -17.027 
  646.000   -2.253  -16.224 
  646.400   -2.343  -14.326 
  646.800   -3.884  -15.418 
  647.200   -4.877  -15.837 
  647.600   -5.010  -19.127 
  648.000   -6.584  -18.130 
  648.400   -5.614  -20.617 
  648.800   -6.693  -17.451 
  649.200   -5.128  -21.601 
  649.600   -8.348  -18.651 
  650.000   -5.359  -19.344 
  650.400   -8.483  -19.526 
  650.800   -8.255  -21.774 
  651.200   -9.519  -21.642 
  651.600   -8.122  -19.854 
  652.000   -5.606  -21.649 
  652.400   -3.673  -23.242 
  652.800   -5.570  -22.612 
  653.200   -4.522  -23.853 
  653.600   -3.939  -23.854 
  654.000   -3.989  -21.060 
  654.400   -6.049  -23.221 
  654.800   -6.230  -20.387 
  655.200   -7.459  -23.721 
  655.600   -4.780  -26.947 
  656.000   -7.790  -27.981 
  656.400   -7.694  -27.657 
  656.800   -7.994  -25.917 
  657.200   -6.608  -21.946 
  657.600   -6.532  -19.371 
  658.000   -6.017  -16.098 
  658.400   -7.345  -15.672 
  658.800   -8.303  -17.380 
  659.200  -13.271  -17.055 
  659.600  -12.756  -16.749 
  660.000  -13.498  -15.017 
  660.400  -16.073  -14.848 
  660.800  -16.298  -18.348 
  661.200  -15.247  -18.507 
  661.600  -13.718  -16.566 
  662.000  -14.377  -12.707 
  662.400  -16.121  -13.857 
  662.800  -14.393  -12.408 
  663.200  -16.221  -12.481 
  663.600  -17.431  -12.687 
  664.000  -17.603  -13.308 
  664.400  -17.098  -14.296 
  664.800  -16.812  -13.678 
  665.200  -13.734  -14.286 
  665.600  -13.620  -12.985 
  666.000  -13.507  -13.578 
  666.400  -15.368  -18.738 
  666.800  -13.828  -18.453 
  667.200  -15.160  -21.909 
  667.600  -14.141  -23.418 
  668.000  -14.536  -24.717 
  668.400  -15.583  -20.826 
  668.800  -15.000  -20.811 
  669.200  -13.521  -26.366 
  669.600  -14.470  -22.063 
  670.000  -13.750  -21.913 
  670.400  -12.467  -20.471 
  670.800  -13.706  -20.117 
  671.200  -11.131  -21.919 
  671.600   -9.136  -21.137 
  672.000   -8.431  -23.481 
  672.400   -6.481  -22.829 
  672.800   -9.610  -25.613 
  673.200   -9.655  -19.754 
  673.600  -10.742  -21.157 
  674.000   -7.814  -23.083 
  674.400   -6.071  -22.378 
  674.800   -9.847  -24.227 
  675.200  -11.278  -23.670 
  675.600   -9.583  -22.671 
  676.000   -9.923  -23.700 
  676.400  -10.013  -22.373 
  676.800  -12.143  -25.875 
  677.200  -10.522  -25.963 
  677.600  -11.088  -26.498 
  678.000  -10.909  -26.206 
  678.400  -11.167  -26.847 
  678.800  -11.609  -30.291 
  679.200  -12.117  -29.645 
  679.600  -14.139  -31.396 
  680.000  -12.893  -32.150 
  680.400  -13.384  -32.008 
  680.800  -13.983  -32.595 
  681.200  -18.571  -30.355 
  681.600  -21.242  -25.909 
  682.000  -20.213  -28.662 
  682.400  -15.544  -28.494 
  682.800  -16.095  -26.171 
  683.200  -15.317  -25.958 
  683.600  -16.181  -27.844 
  684.000  -14.816  -27.067 
  684.400  -16.207  -28.119 
  684.800  -16.397  -32.444 
  685.200  -15.137  -28.625 
  685.600  -18.598  -32.381 
  686.000  -14.152  -31.260 
  686.400  -11.483  -29.228 
  686.800  -13.950  -32.507 
  687.200   -7.212  -28.712 
  687.600  -14.459  -27.889 
  688.000  -23.077  -25.578 
  688.400  -22.204  -26.567 
  688.800   -9.753  -27.580 
  689.200  -16.097  -23.791 
  689.600  -15.794  -22.057 
  690.000  -16.490  -13.114 
  690.400  -17.934  -13.784 
  690.800  -19.942  -12.828 
  691.200  -22.465  -16.380 
  691.600  -22.492  -14.895 
  692.000  -22.068  -16.871 
  692.400  -15.708  -25.827 
  692.800  -12.995  -26.855 
  693.200  -11.528  -31.170 
  693.600  -18.555  -35.012 
  694.000  -18.128  -32.819 
  694.400  -16.603  -31.265 
  694.800  -17.840  -31.479 
  695.200  -14.175  -29.343 
  695.600  -17.652  -30.744 
  696.000  -19.410  -32.915 
  696.400  -18.753  -40.417 
  696.800  -16.611  -35.807 
  697.200  -16.502  -39.821 
  697.600  -19.711  -37.669 
  698.000  -15.392  -35.462 
  698.400  -13.787  -38.981 
  698.800  -18.118  -35.411 
  699.200  -16.257  -34.238 
  699.600  -14.696  -32.672 
  700.000  -12.373  -26.244 
  700.400  -15.980  -29.926 
  700.800   -8.766  -30.888 
  701.200  -12.721  -28.970 
  701.600  -11.770  -33.791 
  702.000  -15.512  -28.365 
  702.400  -14.280  -25.819 
  702.800  -27.629  -30.519 
  703.200  -25.974  -28.975 
  703.600  -13.630  -27.919 
  704.000  -15.547  -25.833 
  704.400   -8.238  -20.788 
  704.800  -14.419  -27.593 
  705.200   -9.399  -33.308 
  705.600  -17.263  -31.526 
  706.000  -15.060  -30.447 
  706.400  -26.119  -21.801 
  706.800  -19.778  -29.207 
  707.200  -11.725  -29.627 
  707.600  -19.030  -29.482 
  708.000  -13.379  -31.315 
  708.400   -6.226  -23.510 
  708.800  -20.140  -28.242 
  709.200  -13.472  -24.975 
  709.600  -10.104  -23.755 
  710.000   -8.939  -24.229 
  710.400   -5.744  -22.614 
  710.800  -10.515  -20.807 
  711.200   -5.742  -24.515 
  711.600    2.680  -26.217 
  712.000   -3.776  -21.260 
  712.400   -7.405  -24.400 
  712.800   -7.190  -17.978 
  713.200  -10.510  -20.400 
  713.600  -14.672  -24.026 
  714.000   -6.162  -25.429 
  714.400   -5.500  -27.355 
  714.800   -4.256  -29.178 
  715.200   -1.524  -23.052 
  715.600   -2.932  -23.130 
  716.000   -6.046  -18.437 
  716.400  -13.231  -19.094 
  716.800  -11.131  -19.591 
  717.200  -12.889  -20.063 
  717.600  -13.865  -17.578 
  718.000  -12.246  -16.031 
  718.400   -7.948  -19.909 
  718.800   -4.565  -24.539 
  719.200   -6.979  -17.758 
  719.600   -7.405  -18.835 
  720.000  -12.460  -19.943 
  720.400   -4.205  -16.230 
  720.800   -7.385  -16.217 
  721.200   -7.412  -13.550 
  721.600   -6.851  -12.163 
  722.000  -10.454  -13.756 
  722.400  -12.684  -15.327 
  722.800  -12.759  -16.986 
  723.200  -14.429  -20.974 
  723.600  -16.988  -24.247 
  724.000  -16.803  -30.239 
  724.400  -17.068  -34.421 
  724.800  -15.954  -34.835 
  725.200  -19.122  -40.364 
  725.600  -17.843  -34.292 
  726.000  -16.845  -30.971 
  726.400  -16.685  -31.935 
  726.800  -16.043  -37.762 
  727.200  -13.956  -37.062 
  727.600  -14.352  -35.070 
  728.000  -12.181  -34.724 
  728.400  -15.105  -34.426 
  728.800   -9.877  -34.827 
  729.200  -11.883  -36.998 
  729.600  -15.275  -36.281 
  730.000  -17.654  -34.278 
  730.400  -18.756  -33.982 
  730.800  -18.235  -34.452 
  731.200  -15.550  -32.536 
  731.600  -15.217  -35.697 
  732.000  -12.448  -39.105 
  732.400  -13.091  -39.123 
  732.800  -13.816  -38.741 
  733.200  -11.973  -37.785 
  733.600  -13.617  -35.766 
  734.000  -10.575  -33.701 
  734.400  -11.629  -28.942 
  734.800  -11.389  -31.053 
  735.200  -12.339  -33.490 
  735.600  -12.196  -32.895 
  736.000  -10.826  -28.545 
  736.400  -11.117  -32.812 
  736.800  -14.285  -24.990 
  737.200  -13.254  -31.364 
  737.600  -15.889  -29.776 
  738.000  -15.585  -31.341 
  738.400   -9.300  -31.073 
  738.800   -9.028  -32.241 
  739.200   -9.171  -30.004 
  739.600  -10.951  -31.711 
  740.000   -9.639  -33.906 
  740.400  -12.383  -30.718 
  740.800  -13.860  -30.678 
  741.200  -13.964  -31.644 
  741.600  -17.061  -29.794 
  742.000  -19.558  -32.950 
  742.400  -16.852  -32.067 
  742.800  -21.899  -33.320 
  743.200  -17.575  -33.193 
  743.600  -21.016  -31.599 
  744.000  -18.725  -30.446 
  744.400  -21.047  -34.184 
  744.800  -14.664  -35.070 
  745.200  -13.822  -34.086 
  745.600  -10.764  -33.415 
  746.000   -3.893  -35.328 
  746.400   -5.974  -35.681 
  746.800  -17.835  -36.160 
  747.200  -12.778  -35.992 
  747.600   -8.236  -34.058 
  748.000   -9.104  -29.782 
  748.400   -6.510  -32.873 
  748.800   -4.037  -32.595 
  749.200  -10.199  -35.740 
  749.600  -19.787  -36.959 
  750.000  -23.787  -40.442 
  750.400  -24.938  -33.774 
  750.800  -25.954  -26.392 
  751.200  -17.309  -25.750 
  751.600  -21.792  -28.837 
  752.000  -20.017  -30.323 
  752.400  -22.021  -29.126 
  752.800  -19.936  -25.723 
  753.200  -21.626  -27.729 
  753.600  -20.221  -25.588 
  754.000  -27.366  -25.499 
  754.400  -25.943  -28.503 
  754.800  -23.559  -29.913 
  755.200  -25.137  -28.248 
  755.600  -22.196  -26.605 
  756.000  -18.938  -27.282 
  756.400  -15.549  -26.549 
  756.800  -20.585  -27.000 
  757.200  -21.097  -30.134 
  757.600  -17.656  -29.127 
  758.000  -18.364  -26.627 
  758.400  -18.341  -26.301 
  758.800  -23.522  -24.375 
  759.200  -21.818  -23.323 
  759.600  -15.696  -22.964 
  760.000  -16.473  -25.318 
  760.400  -15.144  -26.930 
  760.800  -14.907  -28.959 
  761.200  -14.931  -33.936 
  761.600  -13.718  -33.562 
  762.000  -13.734  -35.105 
  762.400  -11.020  -35.615 
  762.800  -15.192  -35.003 
  763.200  -15.207  -35.200 
  763.600  -11.741  -33.716 
  764.000  -12.321  -33.803 
  764.400  -10.913  -31.243 
  764.800  -10.860  -29.127 
  765.200  -11.055  -31.070 
  765.600  -13.501  -29.968 
  766.000  -13.454  -29.766 
  766.400  -11.496  -28.624 
  766.800  -16.002  -28.674 
  767.200  -11.690  -29.424 
  767.600  -12.214  -29.626 
  768.000  -10.984  -31.944 
  768.400   -9.329  -28.126 
  768.800  -10.121  -26.887 
  769.200   -3.842  -25.391 
  769.600    1.271  -25.302 
  770.000   -3.757  -25.908 
  770.400   -4.719  -26.437 
  770.800   -1.721  -26.058 
  771.200   -4.041  -25.127 
  771.600   -3.310  -26.395 
  772.000   -4.058  -27.538 
  772.400   -7.303  -29.217 
  772.800   -7.261  -27.019 
  773.200   -7.229  -25.524 
  773.600   -7.169  -27.903 
  774.000   -9.107  -25.350 
  774.400  -12.112  -26.264 
  774.800  -12.377  -26.953 
  775.200  -11.016  -26.534 
  775.600  -13.018  -29.557 
  776.000  -18.340  -27.817 
  776.400  -19.578  -33.453 
  776.800  -16.898  -29.726 
  777.200  -12.304  -30.881 
  777.600  -11.441  -30.406 
  778.000  -12.041  -31.333 
  778.400  -13.223  -29.620 
  778.800  -11.413  -35.676 
  779.200  -13.669  -32.744 
  779.600  -11.768  -34.689 
  780.000  -12.649  -35.534 
  780.400   -8.700  -36.352 
  780.800   -8.886  -31.978 
  781.200   -8.114  -33.001 
  781.600  -11.399  -32.913 
  782.000   -8.048  -31.962 
  782.400   -4.500  -32.682 
  782.800   -1.807  -32.955 
  783.200   -3.877  -33.382 
  783.600   -4.171  -32.805 
  784.000   -3.753  -31.733 
  784.400    0.772  -32.232 
  784.800   -1.545  -35.420 
  785.200   -0.030  -35.426 
  785.600    0.111  -36.672 
  786.000   -2.972  -37.262 
  786.400   -2.149  -32.799 
  786.800   -3.682  -33.103 
  787.200   -3.734  -32.074 
  787.600   -4.937  -33.328 
  788.000   -5.342  -30.884 
  788.400   -2.554  -31.486 
  788.800  -13.098  -29.919 
  789.200    1.178  -32.472 
  789.600   -3.550  -27.938 
  790.000   -6.129  -29.002 
  790.400   -7.175  -30.801 
  790.800   -9.878  -29.388 
  791.200   -4.649  -29.120 
  791.600   -4.822  -30.212 
  792.000   -0.852  -29.538 
  792.400   -2.317  -29.792 
  792.800   -0.362  -29.960 
  793.200   -0.165  -31.215 
  793.600    3.121  -32.854 
  794.000    2.011  -30.297 
  794.400   -1.588  -31.290 
  794.800    0.072  -30.852 
  795.200    0.308  -27.418 
  795.600   -2.264  -24.794 
  796.000   -1.687  -22.614 
  796.400   -2.146  -23.884 
  796.800   -3.468  -23.347 
  797.200   -5.019  -21.763 
  797.600   -3.900  -20.675 
  798.000   -2.996  -20.089 
  798.400   -2.716  -20.301 
  798.800   -3.821  -15.987 
  799.200   -6.815  -17.718 
  799.600   -8.321  -17.299 
  800.000   -6.880  -15.047 
  800.400   -3.682  -14.659 
  800.800   -4.441  -16.596 
  801.200    0.135  -18.295 
  801.600    2.455  -21.384 
  802.000    3.749  -20.155 
  802.400   -1.811  -19.849 
  802.800    4.573  -21.665 
  803.200   -0.700  -18.657 
  803.600    0.161  -19.718 
  804.000   -2.838  -11.533 
  804.400   -6.104  -16.303 
  804.800   -2.069  -17.120 
  805.200    7.599  -20.678 
  805.600   11.158  -24.274 
  806.000   10.997  -25.834 
  806.400    7.535  -27.751 
  806.800    7.827  -27.151 
  807.200    8.505  -28.037 
  807.600    2.200  -25.961 
  808.000    1.178  -26.239 
  808.400    0.611  -25.901 
  808.800    1.623  -25.759 
  809.200    1.562  -25.870 
  809.600   -0.112  -26.427 
  810.000   -0.634  -29.595 
  810.400   -0.428  -28.578 
  810.800    1.173  -29.554 
  811.200    1.108  -28.952 
  811.600   -3.824  -30.236 
  812.000   -3.637  -31.134 
  812.400   -2.515  -28.605 
  812.800   -2.607  -27.114 
  813.200   -5.657  -29.293 
  813.600   -5.953  -28.894 
  814.000   -1.440  -30.357 
  814.400    4.672  -31.329 
  814.800    5.578  -29.254 
  815.200    1.661  -27.899 
  815.600   -1.610  -26.789 
  816.000    1.155  -27.559 
  816.400    0.392  -29.475 
  816.800   -0.975  -29.466 
  817.200    1.554  -27.497 
